42 7 10 84 27 71 49 47 18 87
80 21 84 76 38 41 38 93 4 96
58 19 59 64 10 23 88 74 25 83
46 68 11 92 85 55 70 60 81 91
70 61 53 23 87 59 48 84 61 94
69 46 7 30 78 93 61 69 51 87
29 89 98 82 55 89 9 46 47 54
53 31 94 91 100 69 3 43 71 35
45 10 72 63 7 78 65 88 7 80
23 16 100 100 24 37 45 57 2 17
48 91 28 30 79 12 30 19 15 69
66 3 54 28 28 89 21 76 75 66
60 68 61 31 97 91 11 94 55 44
54 2 7 50 16 39 51 87 33 26
88 29 60 98 46 75 88 87 4 39
50 18 7 96 68 71 62 35 52 33
54 51 61 66 2 36 67 29 70 11
12 48 65 13 41 20 79 93 81 20
11 91 16 68 35 6 39 76 27 56
54 60 19 10 77 91 72 93 67 64
50 62 48 93 0 76 69 87 36 33
81 44 24 80 11 34 51 74 38 35
56 9 67 35 84 0 97 84 59 38
85 76 11 55 88 80 7 23 18 70
89 81 5 28 17 32 21 45 52 81
97 74 3 86 33 33 97 69 61 16
85 24 21 88 49 37 49 36 32 40
45 65 64 92 25 4 30 24 59 52
7 16 33 48 5 44 67 23 17 99
87 76 38 26 99 47 34 1 69 6
55 21 72 90 57 68 16 40 83 81
57 87 71 9 10 76 97 63 54 74
33 88 20 57 100 50 65 87 33 22
53 97 20 48 6 98 57 57 19 34
1 99 88 33 10 74 5 94 42 20
83 85 98 59 22 66 85 70 32 15
60 24 73 40 82 74 79 25 1 62
39 37 82 95 15 28 75 90 8 29
4 1 94 46 1 88 72 61 10 89
30 30 44 67 70 88 83 47 9 60
55 99 60 100 65 80 60 87 77 1
47 8 32 26 58 16 61 67 95 5
97 26 95 52 31 62 97 22 56 49
98 33 13 57 90 47 48 60 98 51
0 48 39 83 72 5 81 30 33 85
21 57 77 28 73 90 4 12 77 0
47 62 35 39 32 100 26 70 18 55
81 68 41 12 63 82 7 16 27 28
61 35 67 74 51 1 58 27 36 75
94 19 68 64 48 82 83 85 52 53
3 50 84 89 62 97 58 92 24 15
76 15 38 49 35 52 51 78 49 36
53 49 0 6 73 42 62 39 29 6
53 19 62 68 76 90 81 27 51 58
94 61 95 44 100 54 52 82 35 99
34 15 40 95 58 33 56 41 89 58
32 72 58 99 84 71 15 29 82 81
0 16 92 69 46 13 40 57 20 35
9 23 98 48 63 67 95 59 84 21
46 78 81 88 11 30 26 78 72 17
47 32 78 42 33 98 11 8 54 49
99 75 71 71 57 97 12 83 96 97
38 61 95 68 40 89 63 83 69 20
74 19 19 38 61 30 39 46 45 53
3 42 5 85 79 76 16 9 81 9
14 1 97 66 1 99 40 80 87 100
97 8 75 78 89 29 61 0 21 89
53 89 5 26 57 36 46 78 56 63
54 77 7 86 35 16 35 37 70 5
25 73 9 37 57 65 98 48 71 20
97 27 92 87 57 52 15 66 63 29
38 18 44 23 98 64 48 31 74 66
13 48 56 38 48 3 45 57 83 90
42 65 27 73 100 75 66 36 70 91
40 34 38 17 26 49 63 13 3 62
53 23 100 45 86 100 58 58 59 35
31 86 80 90 82 47 47 96 27 98
48 37 76 9 9 87 19 17 44 71
20 10 22 75 84 35 66 74 67 79
79 9 65 5 71 37 25 16 13 87
7 15 41 5 54 67 63 81 79 57
85 40 63 71 42 7 49 32 41 65
94 67 46 70 55 77 29 63 32 43
92 89 64 9 60 52 62 30 74 43
22 11 91 42 73 95 96 48 38 14
11 58 81 75 82 58 53 46 77 91
24 68 13 75 89 49 17 99 37 67
21 93 77 97 19 73 19 87 26 6
6 52 29 44 51 50 35 74 54 48
33 88 34 12 5 9 71 88 35 65
34 48 41 38 51 93 90 99 71 18
9 44 0 45 13 65 90 11 53 95
78 10 51 73 94 12 60 26 88 18
68 34 18 40 15 14 31 56 21 70
100 76 35 70 61 0 100 88 51 48
77 28 87 81 56 38 47 66 45 37
27 59 69 30 92 9 74 46 9 63
92 61 8 19 28 57 54 23 99 99
92 40 60 88 12 78 26 8 91 20
27 62 23 57 60 32 29 64 35 34